Total letters: 1113567

a: 0.11406857423037859711
b: 0.00983955163901229120
c: 0.04634027409217406773
d: 0.03726762736323903369
e: 0.12064294290330083992
f: 0.01070972828756599354
g: 0.01745831189322240989
h: 0.01357888658697680578
i: 0.09613521234016453310
j: 0.00015894867574200744
k: 0.00012482410128892109
l: 0.05602536713103028337
m: 0.02397430958352752758
n: 0.07266109717690986958
o: 0.09589274825852418804
p: 0.02953930926473216298
q: 0.00761786223909293250
r: 0.06608942254933919402
s: 0.05421676468501671065
t: 0.06130389998985243116
u: 0.03553266215683474616
v: 0.02254736356231820671
w: 0.00026940453515594484
x: 0.00017421493273417764
y: 0.00032957154800743914
z: 0.00748854806221807903
æ: 0.00001257221164061076

Execution time: 0.21567392349243164 seconds
