Total letters: 151065

a: 0.10598086916228113830
b: 0.00820838711812795808
c: 0.04840300532883196061
d: 0.03742097772482044088
e: 0.11921358355674709084
f: 0.01314003905603548100
g: 0.01987886009333730483
h: 0.01864760202561811103
i: 0.10008936550491510931
j: 0.00060238969979810016
k: 0.00092013371727402116
l: 0.05334127693377023471
m: 0.02964948863072187565
n: 0.06607751630093006145
o: 0.09576672293383642343
p: 0.02880879091781683374
q: 0.00716909939430046637
r: 0.06744116770926422699
s: 0.05467183000695065298
t: 0.06055671399728593945
u: 0.03472015357627511456
v: 0.02040181378876642498
w: 0.00189984443782477744
x: 0.00079436004368980235
y: 0.00224406712342369160
z: 0.00395194121735676675

Execution time: 0.025532007217407227 seconds
