Total letters: 149602

a: 0.10174329220197590729
b: 0.00871646100987954683
c: 0.05263298619002419743
d: 0.03620272456250584608
e: 0.11352789401211213494
f: 0.01419098675151401687
g: 0.01953182444084972103
h: 0.01991951979251614310
i: 0.09513910241841685989
j: 0.00060828063795938562
k: 0.00092913196347642411
l: 0.05631609203085520543
m: 0.02905041376452186311
n: 0.06648306840817636010
o: 0.09442387133861847304
p: 0.02766674242322963648
q: 0.00704536035614497166
r: 0.06419031831125251997
s: 0.05542706648306840872
t: 0.06074785096455929956
u: 0.03374286440020855121
v: 0.01866953650352267888
w: 0.00191842355048729295
x: 0.00051469900135024931
y: 0.00227269688907902291
z: 0.00387695351666421557
à: 0.00209221801847568872
ä: 0.00002673761045975321
è: 0.00211895562893544198
é: 0.00189168594002753969
ë: 0.00016711006537345759
ì: 0.00299461237149235967
ï: 0.00076870630071790486
ò: 0.00220585286292963997
ó: 0.00010026603922407454
ö: 0.00000668440261493830
ù: 0.00206548040801593545
ü: 0.00007352842876432133

Execution time: 0.025547027587890625 seconds
