Total letters: 150196

a: 0.09862446403366267877
b: 0.00833577458787184734
c: 0.05058723268262803330
d: 0.03735785240618924585
e: 0.11941729473487976143
f: 0.01433460278569336117
g: 0.01800980052731097902
h: 0.01929478814349250282
i: 0.09577485419052438054
j: 0.00060587499001304957
k: 0.00096540520386694721
l: 0.05635303203813683132
m: 0.02794348717675570679
n: 0.06546778875602546344
o: 0.09109430344350048780
p: 0.02766385256598045267
q: 0.00835574848864150885
r: 0.06532797145063783117
s: 0.05575381501504700354
t: 0.06139977096593784295
u: 0.03426855575381501651
v: 0.01804974832885030203
w: 0.00191083650696423336
x: 0.00048603158539508375
y: 0.00229034062158779174
z: 0.00453407547471304170
à: 0.00171775546619084402
ä: 0.00002663186769288130
è: 0.00203067991158219913
é: 0.00208394364696796184
ë: 0.00024634477615915204
ì: 0.00336227329622626426
ï: 0.00132493541772084485
ò: 0.00207062771312152127
ó: 0.00006657966923220325
ö: 0.00000665796692322033
ù: 0.00265652880236490977
ü: 0.00019973900769660975

Execution time: 0.026279926300048828 seconds
