Total letters: 149602

a: 0.10386224783091135837
b: 0.00871646100987954683
c: 0.05263298619002419743
d: 0.03620272456250584608
e: 0.11770564564644857286
f: 0.01419098675151401687
g: 0.01953182444084972103
h: 0.01991951979251614310
i: 0.09890242109062713505
j: 0.00060828063795938562
k: 0.00092913196347642411
l: 0.05631609203085520543
m: 0.02905041376452186311
n: 0.06648306840817636010
o: 0.09673667464338711608
p: 0.02766674242322963648
q: 0.00704536035614497166
r: 0.06419031831125251997
s: 0.05542706648306840872
t: 0.06074785096455929956
u: 0.03588187323698881215
v: 0.01866953650352267888
w: 0.00191842355048729295
x: 0.00051469900135024931
y: 0.00227269688907902291
z: 0.00387695351666421557

Execution time: 0.02610015869140625 seconds
