Total letters: 150196

a: 0.10036885136754640502
b: 0.00833577458787184734
c: 0.05058723268262803330
d: 0.03735785240618924585
e: 0.12377826306958907010
f: 0.01433460278569336117
g: 0.01800980052731097902
h: 0.01929478814349250282
i: 0.10046206290447148857
j: 0.00060587499001304957
k: 0.00096540520386694721
l: 0.05635303203813683132
m: 0.02794348717675570679
n: 0.06546778875602546344
o: 0.09323816879277743719
p: 0.02766385256598045267
q: 0.00835574848864150885
r: 0.06532797145063783117
s: 0.05575381501504700354
t: 0.06139977096593784295
u: 0.03712482356387653698
v: 0.01804974832885030203
w: 0.00191083650696423336
x: 0.00048603158539508375
y: 0.00229034062158779174
z: 0.00453407547471304170

Execution time: 0.027409076690673828 seconds
