Total letters: 151065

a: 0.10408764439148711356
b: 0.00820838711812795808
c: 0.04840300532883196061
d: 0.03742097772482044088
e: 0.11497699665706814787
f: 0.01314003905603548100
g: 0.01987886009333730483
h: 0.01864760202561811103
i: 0.09646840763909575456
j: 0.00060238969979810016
k: 0.00092013371727402116
l: 0.05334127693377023471
m: 0.02964948863072187565
n: 0.06607751630093006145
o: 0.09375434415648892239
p: 0.02880879091781683374
q: 0.00716909939430046637
r: 0.06744116770926422699
s: 0.05467183000695065298
t: 0.06055671399728593945
u: 0.03215172276834474957
v: 0.02040181378876642498
w: 0.00189984443782477744
x: 0.00079436004368980235
y: 0.00224406712342369160
z: 0.00395194121735676675
à: 0.00188660510376328070
ä: 0.00000661966703074835
è: 0.00203223777843974463
é: 0.00203885744547049278
ë: 0.00016549167576870885
ì: 0.00285307649025254035
ï: 0.00076788137556680898
ò: 0.00197266077516300951
ó: 0.00003971800218449012
ù: 0.00246913580246913575
ü: 0.00009929500546122529

Execution time: 0.024873018264770508 seconds
