Total letters: 347799

a: 0.07689211297329780204
b: 0.01443649924237849942
c: 0.02666770174727356793
d: 0.04847052464210650086
e: 0.13255357260946695752
f: 0.02507770292611537222
g: 0.01719383897020980434
h: 0.05682305009502615356
i: 0.07066437798843584750
j: 0.00144336240184704382
k: 0.00506039407818883926
l: 0.03657859855836273488
m: 0.03031923611051210582
n: 0.07003757917647836229
o: 0.07261665502200984057
p: 0.01763662345205132750
q: 0.00093157254621203630
r: 0.06002317430469897991
s: 0.06087711580539334477
t: 0.08734642710301064594
u: 0.02993683133073988048
v: 0.01100923234396878649
w: 0.02200408856839726479
x: 0.00194652658575786590
y: 0.02278039902357396201
z: 0.00061242269241717194
æ: 0.00006037970206929864

Execution time: 0.07190394401550293 seconds
