Total letters: 324674

a: 0.08292933835170047951
b: 0.01740207100044968355
c: 0.02354361605795351683
d: 0.04006172345183168365
e: 0.12238429932794125943
f: 0.02126132674621312307
g: 0.02256109204925555931
h: 0.06574286823090237653
i: 0.06901076156390717475
j: 0.00132440540357404665
k: 0.00848851463313970295
l: 0.04450926159778732100
m: 0.02537314352242557233
n: 0.06873356043292656870
o: 0.07393570165766276403
p: 0.01901907759783659849
q: 0.00223300911067717163
r: 0.05440534197379525566
s: 0.06593382901002235730
t: 0.09132237259528018514
u: 0.02797575414107689520
v: 0.00894127648040803948
w: 0.02324177482644129017
x: 0.00099484405896376068
y: 0.01802115352630638892
z: 0.00060368246302444910
æ: 0.00003388013823096398
è: 0.00000308001256645127
é: 0.00000308001256645127
œ: 0.00000616002513290254

Execution time: 0.06789708137512207 seconds
