Total letters: 213165

a: 0.07468393028874345529
b: 0.01535899420636595986
c: 0.02182347008186147005
d: 0.04510590387727816258
e: 0.11835901766237422184
f: 0.02328243379541669600
g: 0.02090868575985738859
h: 0.06838364647104355765
i: 0.06651654821382496641
j: 0.00136044847887786466
k: 0.00638472544742335786
l: 0.04481504937489737966
m: 0.02463819107264325625
n: 0.06844932329416179850
o: 0.07678089742687589647
p: 0.01738090211807754443
q: 0.00084441629723453664
r: 0.06472920038467853965
s: 0.06873548659489128743
t: 0.08990218844557033850
u: 0.02930593671568972394
v: 0.01059742453029343529
w: 0.02324490418220627116
x: 0.00172636220767949703
y: 0.01610020406727183037
z: 0.00058170900476156963

Execution time: 0.03305196762084961 seconds
